Calibration file for turbity fibre optics system
Date and Time of Calibration: 2019-11-26 - 15:56:15
 800.0   LEDv   0.02  100.0   20.0 
0.0195 0.0000 0.0194 0.0225 0.0192
0.2023 0.5000 0.3053 0.2824 0.3047
0.4598 1.0000 0.7313 0.6407 0.6941
0.7564 1.5000 1.2071 1.0595 1.1741
1.0539 2.0000 1.6880 1.4728 1.6004
1.3600 2.5000 2.1766 1.9687 2.0668
1.6669 3.0000 2.6699 2.4364 2.6538
1.9723 3.5000 3.1653 2.8671 3.1359
2.2818 4.0000 3.6559 3.3472 3.6630
2.5986 4.5000 4.1570 3.7736 4.1319
2.8989 5.0000 4.6207 4.2226 4.4346
