Calibration file for turbity fibre optics system
Date and Time of Calibration: 2019-11-27 - 09:21:45
 800.0   LEDv   0.02  100.0   20.0 
0.0589 0.0000 0.0607 0.0588 0.0606
0.0622 0.1000 0.0690 0.0632 0.0691
0.1376 0.2000 0.1968 0.1726 0.1958
0.2340 0.3000 0.3573 0.3135 0.3554
0.3373 0.4000 0.5297 0.4652 0.5718
0.4301 0.5000 0.6596 0.5983 0.6569
0.5004 0.6000 0.7919 0.7002 0.7896
0.6017 0.7000 0.9618 0.8479 0.9587
0.7102 0.8000 1.1420 1.0049 1.1000
0.8214 0.9000 1.3267 1.1670 1.3196
0.9366 1.0000 1.5176 1.3347 1.5104
1.0543 1.1000 1.7096 1.5043 1.6537
1.1721 1.2000 1.9011 1.6745 1.7989
1.2893 1.3000 2.0968 1.8452 1.9827
1.4083 1.4000 2.2896 2.0164 2.1677
1.5270 1.5000 2.4856 2.1893 2.3538
1.6478 1.6000 2.6808 2.3646 2.5429
1.7663 1.7000 2.8762 2.5355 2.7262
1.8869 1.8000 3.0727 2.7099 2.9132
2.0077 1.9000 3.2666 2.8849 3.1011
2.1256 2.0000 3.4632 3.0576 3.2881
2.2453 2.1000 3.6600 3.2306 3.4742
2.3653 2.2000 3.8600 3.4066 3.6613
2.4868 2.3000 4.0570 3.5829 3.8512
2.6088 2.4000 4.2590 3.7588 4.0414
2.7319 2.5000 4.4605 3.9380 4.2330
2.8553 2.6000 4.6616 4.1152 4.4245
2.9782 2.7000 4.8627 4.2955 4.6177
3.1012 2.8000 5.0000 4.4748 4.8101
3.2243 2.9000 0.0000 4.6525 4.9997
3.3467 3.0000 0.0000 4.8292 5.0000
3.4685 3.1000 0.0000 5.0000 0.0000
3.5905 3.2000 0.0000 0.0000 0.0000
3.7127 3.3000 0.0000 0.0000 0.0000
3.8342 3.4000 0.0000 0.0000 0.0000
3.9568 3.5000 0.0000 0.0000 0.0000
4.0799 3.6000 0.0000 0.0000 0.0000
4.2026 3.7000 0.0000 0.0000 0.0000
4.3266 3.8000 0.0000 0.0000 0.0000
4.4510 3.9000 0.0000 0.0000 0.0000
4.5743 4.0000 0.0000 0.0000 0.0000
4.7006 4.1000 0.0000 0.0000 0.0000
4.8268 4.2000 0.0000 0.0000 0.0000
4.9548 4.3000 0.0000 0.0000 0.0000
5.0000 4.4000 0.0000 0.0000 0.0000
0.0000 4.5000 0.0000 0.0000 0.0000
0.0000 4.6000 0.0000 0.0000 0.0000
0.0000 4.7000 0.0000 0.0000 0.0000
0.0000 4.8000 0.0000 0.0000 0.0000
0.0000 4.9000 0.0000 0.0000 0.0000
0.0000 5.0000 0.0000 0.0000 0.0000
